dockerfiles-laptop-clientapp-0-1,dockerfiles-laptop-clientapp-1-1,dockerfiles-laptop-supernode-0-1,dockerfiles-laptop-supernode-1-1,dockerfiles-serverapp-1,dockerfiles-superlink-1,dockerfiles-desktop-clientapp-0-1,dockerfiles-desktop-clientapp-1-1,dockerfiles-desktop-clientapp-2-1,dockerfiles-desktop-supernode-0-1,dockerfiles-desktop-supernode-1-1,dockerfiles-desktop-supernode-2-1
571588608,611958784,51888128,52559872,707411968,56258560,47996928,47988736,48001024,46460928,46456832,46444544
571588608,611958784,51888128,52559872,707411968,56258560,47996928,47988736,48005120,46460928,46456832,46456832
39301120,39288832,46239744,46231552,40693760,47173632,47996928,47992832,48005120,46460928,46456832,46456832
39301120,39288832,46239744,46231552,40800256,47173632,48001024,47992832,48005120,46460928,46456832,46456832
39309312,39292928,46243840,46235648,319934464,47374336,48001024,47992832,48005120,46465024,46456832,46456832
39309312,39292928,46243840,46235648,319934464,47374336,48001024,47992832,48009216,46465024,46456832,46456832
39309312,39292928,46247936,46235648,402591744,47374336,48001024,47992832,48009216,46465024,46456832,46460928
39309312,39292928,46247936,46235648,470720512,47374336,48005120,47996928,48009216,46465024,46456832,46460928
39309312,39292928,46247936,46235648,470720512,47382528,48005120,47996928,48009216,46465024,46505984,46460928
39313408,39292928,46247936,46563328,471257088,47804416,48005120,47996928,48009216,46862336,46505984,46460928
39313408,198254592,46649344,46563328,471257088,47915008,308781056,365109248,48013312,46862336,46899200,46882816
243458048,337092608,46649344,46624768,471257088,47915008,423047168,452009984,357494784,46862336,46899200,46882816
337068032,423698432,46649344,46624768,471257088,47919104,500940800,452009984,357494784,46862336,46899200,46891008
337068032,423698432,46649344,46624768,471257088,47919104,501125120,501161984,422449152,46862336,46899200,46891008
468766720,468815872,46649344,46624768,471257088,47919104,501125120,503963648,500965376,46862336,46899200,46891008
468791296,473460736,46649344,46624768,471257088,47919104,514940928,503963648,500965376,46862336,46899200,46891008
472227840,480956416,46649344,46624768,471257088,47919104,514940928,510255104,501518336,46862336,46899200,46891008
472227840,480956416,46649344,46624768,471257088,47919104,533893120,512319488,528842752,46862336,46899200,46891008
484417536,486928384,46649344,46624768,471257088,47919104,533909504,542318592,528842752,46862336,46899200,46891008
487399424,486928384,46649344,46624768,471257088,47919104,533909504,542318592,536023040,46862336,46899200,46891008
487399424,486928384,46649344,46624768,471257088,47919104,533909504,542347264,536023040,46862336,46899200,46891008
487411712,486928384,46649344,46624768,471257088,47919104,533909504,542347264,536023040,46862336,46899200,46891008
487411712,486928384,46649344,46624768,471257088,47919104,533909504,542347264,536023040,46862336,46899200,46891008
487411712,486928384,46649344,46624768,471257088,47919104,533909504,542347264,536023040,46862336,46899200,46891008
487411712,486928384,46649344,46624768,471261184,47919104,533909504,542347264,536023040,46862336,46899200,46891008
487411712,486928384,46649344,46624768,471261184,47919104,533909504,542347264,536023040,46862336,46899200,46891008
487411712,486928384,46649344,46624768,471261184,47919104,533909504,542347264,536023040,46862336,46899200,46891008
487411712,486928384,46649344,46624768,471261184,47919104,533909504,542347264,536023040,46862336,46899200,46891008
487411712,486928384,46649344,46624768,471261184,47919104,533909504,542347264,536023040,46862336,46899200,46891008
487411712,486928384,46649344,46624768,471261184,47919104,533909504,542347264,536023040,46862336,46899200,46891008
487411712,486928384,46649344,46624768,471261184,47919104,533909504,542347264,536023040,46862336,46899200,46891008
487411712,486928384,46649344,46624768,471261184,47919104,533909504,542347264,536023040,46862336,46899200,46891008
487411712,486928384,46649344,46624768,471261184,47919104,533909504,542347264,536023040,46862336,46899200,46891008
487411712,486928384,46649344,46624768,471261184,47919104,533909504,542347264,536027136,46862336,46899200,46891008
487411712,486928384,46649344,46624768,471261184,47919104,533909504,542347264,536027136,46862336,46899200,46891008
487411712,486928384,46649344,46624768,471261184,47919104,533909504,542347264,536027136,46862336,46899200,46891008
487411712,486932480,46649344,46624768,471261184,47919104,533909504,542347264,536027136,46862336,46899200,46891008
487411712,486932480,46649344,46624768,471261184,47919104,533909504,542347264,536027136,46862336,46899200,46891008
487411712,486932480,46649344,46624768,471261184,47923200,533909504,542347264,536027136,46862336,46899200,46891008
487411712,486932480,46649344,46624768,471261184,47923200,533909504,542347264,536027136,46862336,46899200,46891008
487411712,486932480,46649344,46624768,471261184,47923200,533909504,542347264,536027136,46862336,46899200,46891008
487411712,486932480,46649344,46624768,471261184,47927296,533909504,542351360,536027136,46862336,46899200,46891008
487411712,486932480,46649344,46624768,471261184,47927296,533909504,542351360,536027136,46862336,46899200,46891008
487411712,486932480,46649344,46624768,471261184,47927296,533909504,542351360,536027136,46862336,46899200,46891008
487411712,486932480,46649344,46624768,471261184,47927296,533909504,542351360,536027136,46862336,46899200,46891008
487411712,486932480,46649344,46624768,471261184,47927296,533909504,542351360,536027136,46862336,46899200,46891008
487411712,486932480,46649344,46624768,471261184,47927296,533909504,542351360,536027136,46862336,46899200,46891008
487411712,486932480,46649344,46624768,471261184,47927296,533909504,542351360,536027136,46862336,46899200,46891008
487411712,486932480,46649344,46624768,471261184,47927296,533909504,542351360,536027136,46862336,46899200,46891008
487411712,486932480,46649344,46624768,471261184,47927296,533909504,542351360,536027136,46862336,46899200,46891008
487411712,486932480,46649344,46624768,471261184,47927296,533909504,542351360,536027136,46862336,46899200,46891008
487411712,486932480,46649344,46624768,471261184,47927296,533909504,542351360,536027136,46862336,46899200,46891008
487411712,486932480,46649344,46624768,471261184,47927296,533909504,542351360,536027136,46862336,46899200,46891008
487411712,486932480,46649344,46624768,471261184,47927296,533909504,542351360,536027136,46862336,46899200,46891008
487411712,486932480,46649344,46624768,471261184,47927296,533909504,542351360,536027136,46862336,46899200,46891008
487411712,486932480,46649344,46624768,471261184,47927296,533909504,542351360,536027136,46862336,46899200,46891008
487411712,486932480,46649344,46624768,471261184,47927296,533909504,542351360,536027136,46862336,46899200,46891008
487411712,486932480,46649344,46624768,471261184,47927296,533909504,542351360,536027136,46862336,46899200,46891008
487411712,486932480,46649344,46624768,471261184,47927296,533909504,542351360,536027136,46862336,46899200,46891008
487411712,486932480,46649344,46624768,471261184,47927296,533909504,542351360,536027136,46862336,46899200,46891008
487411712,486932480,46649344,46624768,471261184,47927296,533909504,542351360,536027136,46862336,46899200,46891008
487411712,486932480,46649344,46624768,471261184,47927296,533909504,542351360,536027136,46862336,46899200,46891008
487411712,486932480,46649344,46624768,471261184,47927296,533909504,542351360,536027136,46862336,46899200,46891008
487411712,486932480,46649344,46624768,471261184,47931392,533909504,542351360,536027136,46862336,46899200,46891008
487411712,486932480,46649344,46624768,471261184,47931392,533909504,542351360,536027136,46862336,46899200,46891008
487415808,486932480,46649344,46624768,471261184,47931392,533909504,542351360,536027136,46862336,46899200,46891008
487415808,486932480,46649344,46624768,471261184,47931392,533909504,542351360,536027136,46862336,46899200,46891008
487415808,486932480,46649344,46624768,471261184,47931392,533909504,542351360,536027136,46862336,46899200,46891008
487415808,486932480,46649344,46624768,471261184,47931392,533909504,542351360,536027136,46862336,46899200,46891008
487415808,486932480,46649344,46624768,471261184,47931392,533909504,542351360,536027136,46862336,46899200,46891008
487415808,486932480,46649344,46624768,471261184,47931392,533909504,542351360,536027136,46862336,46899200,46891008
487415808,486932480,46649344,46624768,471261184,47931392,533909504,542351360,536027136,46862336,46899200,46891008
487415808,486932480,46649344,46624768,471261184,47931392,533909504,542351360,536027136,46862336,46899200,46891008
487415808,486932480,46649344,46624768,471261184,47931392,533909504,542351360,536027136,46862336,46899200,46891008
487415808,486932480,46649344,46624768,471261184,47931392,533909504,542351360,536027136,46862336,46899200,46891008
487415808,486932480,46649344,46624768,471261184,47931392,533909504,542351360,536027136,46862336,46899200,46891008
487415808,486932480,46649344,46624768,471261184,47931392,533909504,542351360,536027136,46862336,46899200,46891008
487415808,486932480,46649344,46624768,471261184,47931392,533909504,542351360,536027136,46862336,46899200,46891008
487415808,486932480,46649344,46624768,471261184,47931392,533909504,542351360,536027136,46862336,46899200,46891008
487415808,486932480,46649344,46624768,471261184,47931392,533909504,542351360,536027136,46862336,46899200,46891008
487415808,486932480,46649344,46624768,471261184,47931392,533909504,542351360,536027136,46862336,46899200,46891008
487415808,486932480,46649344,46624768,471261184,47931392,533909504,542351360,536027136,46862336,46899200,46891008
487415808,486932480,46649344,46624768,471261184,47931392,533909504,542351360,536027136,46862336,46899200,46891008
487415808,486932480,46649344,46624768,471261184,47931392,533909504,542351360,536027136,46862336,46899200,46891008
487415808,486932480,46649344,46624768,471261184,47931392,533909504,542351360,536027136,46862336,46899200,46891008
487415808,486932480,46649344,46624768,471261184,47931392,533909504,542351360,536027136,46862336,46899200,46891008
487415808,486932480,46649344,46624768,471261184,47931392,533909504,542351360,536027136,46862336,46899200,46891008
487415808,486932480,46649344,46624768,471261184,47931392,533909504,542351360,536027136,46862336,46899200,46891008
487415808,486932480,46649344,46624768,471261184,47935488,533909504,542351360,536027136,46862336,46899200,46891008
487415808,486932480,46649344,46624768,471261184,47935488,533909504,542351360,536027136,46862336,46899200,46891008
487415808,486932480,46649344,46624768,471261184,47935488,533909504,542351360,536027136,46862336,46899200,46891008
487415808,486932480,46649344,46624768,471261184,47935488,533909504,542351360,536027136,46862336,46899200,46891008
487415808,486932480,46649344,46624768,471261184,47935488,533909504,542351360,536027136,46862336,46899200,46891008
487415808,486932480,46649344,46624768,471261184,47935488,533909504,542351360,536027136,46862336,46899200,46891008
487415808,486932480,46649344,46624768,471261184,47935488,533909504,542351360,536027136,46862336,46899200,46891008
487415808,486932480,46649344,46624768,471261184,47935488,533909504,542351360,536027136,46862336,46899200,46891008
487415808,486932480,46649344,46624768,471261184,47935488,533909504,542351360,536027136,46862336,46899200,46891008
487415808,486932480,46649344,46624768,471261184,47935488,533909504,542351360,536027136,46862336,46899200,46891008
487415808,486932480,46649344,46624768,471261184,47935488,533909504,542351360,536027136,46862336,46899200,46891008
487415808,486932480,46649344,46624768,471261184,47935488,533909504,542351360,536027136,46862336,46899200,46891008
487415808,486932480,46649344,46624768,471261184,47935488,533909504,542351360,536027136,46862336,46899200,46891008
487415808,486932480,46649344,46624768,471261184,47935488,533909504,542351360,536027136,46862336,46899200,46891008
487415808,486932480,46649344,46624768,471261184,47935488,533909504,542351360,536027136,46862336,46899200,46891008
487415808,486932480,46649344,46624768,471261184,47935488,533909504,542351360,536027136,46862336,46899200,46891008
487415808,486932480,46649344,46624768,471261184,47935488,533909504,542351360,536027136,46862336,46899200,46891008
487415808,486932480,46649344,46624768,471261184,47935488,533909504,542351360,536027136,46862336,46899200,46891008
487415808,486932480,46649344,46624768,471261184,47935488,533909504,542351360,536027136,46862336,46899200,46891008
487415808,486932480,46649344,46624768,471261184,47935488,533909504,542351360,536027136,46862336,46899200,46891008
487415808,486932480,46649344,46624768,471261184,47935488,533909504,542351360,536027136,46862336,46899200,46891008
487415808,486932480,46649344,46624768,471261184,47935488,533909504,542351360,536027136,46862336,46899200,46891008
487415808,486932480,46649344,46624768,471261184,47935488,533909504,542351360,536027136,46862336,46899200,46891008
487415808,486932480,46649344,46624768,471261184,47935488,533909504,542351360,536027136,46862336,46899200,46891008
487415808,486932480,46649344,46624768,471261184,47935488,533909504,542351360,536027136,46862336,46899200,46891008
487415808,486932480,46649344,46624768,471261184,47939584,533909504,542351360,536027136,46862336,46899200,46891008
487415808,486932480,46649344,46624768,471261184,47939584,533909504,542351360,536027136,46862336,46899200,46891008
487415808,486932480,46649344,46624768,471261184,47939584,533909504,542351360,536027136,46862336,46899200,46891008
487415808,486932480,46649344,46624768,471269376,47939584,533909504,542351360,536027136,46862336,46899200,46891008
487415808,486932480,46649344,46624768,471269376,47939584,533909504,542351360,536027136,46862336,46899200,46891008
487415808,486932480,46649344,46624768,471269376,47939584,533909504,542351360,536027136,46862336,46899200,46891008
487415808,486932480,46649344,46624768,471269376,47939584,533909504,542351360,536027136,46862336,46899200,46891008
487415808,486932480,46649344,46624768,471269376,47939584,533909504,542351360,536027136,46862336,46899200,46891008
487415808,486932480,46649344,46624768,471269376,47939584,533909504,542351360,536027136,46862336,46899200,46891008
487415808,486932480,46649344,46624768,471269376,47939584,533909504,542351360,536027136,46862336,46899200,46891008
487415808,486932480,46649344,46624768,471269376,47939584,533909504,542351360,536027136,46862336,46899200,46891008
487415808,486932480,46649344,46624768,471269376,47939584,533909504,542351360,536027136,46862336,46899200,46891008
487415808,486932480,46649344,46624768,471269376,47939584,533909504,542351360,536027136,46862336,46899200,46891008
487415808,486932480,46649344,46624768,471269376,47939584,533909504,542351360,536027136,46862336,46899200,46891008
487415808,486932480,46649344,46624768,471269376,47939584,533909504,542351360,536027136,46862336,46899200,46891008
487415808,486932480,46649344,46624768,471269376,47939584,533909504,542351360,536027136,46862336,46899200,46891008
487415808,486932480,46649344,46624768,471269376,47939584,533909504,542351360,536027136,46862336,46899200,46891008
487415808,486932480,46649344,46624768,471269376,47939584,533909504,542351360,536027136,46862336,46899200,46891008
487415808,486932480,46649344,46624768,471269376,47939584,533909504,542351360,536027136,46862336,46899200,46891008
487415808,486932480,46649344,46624768,471269376,47939584,533909504,542351360,536027136,46862336,46899200,46891008
487415808,486932480,46649344,46624768,471269376,47939584,533909504,542351360,536027136,46862336,46899200,46891008
487415808,486932480,46649344,46624768,471269376,47939584,533909504,542351360,536027136,46862336,46899200,46891008
487415808,486932480,46649344,46624768,471269376,47939584,533909504,542351360,536027136,46862336,46899200,46891008
487415808,486932480,46649344,46624768,471269376,47939584,533909504,542351360,536027136,46862336,46899200,46891008
487415808,486932480,46649344,46624768,471269376,47939584,533909504,542351360,536027136,46862336,46899200,46891008
487415808,486932480,46649344,46624768,471269376,47943680,533909504,542351360,536027136,46862336,46899200,46891008
487415808,486932480,46649344,46624768,471269376,47943680,533909504,542351360,536027136,46862336,46899200,46891008
487415808,486932480,46649344,46624768,471269376,47943680,533909504,542351360,536027136,46862336,46899200,46891008
487415808,486932480,46649344,46624768,471269376,47943680,533909504,542351360,536027136,46862336,46899200,46891008
487415808,486932480,46649344,46624768,471269376,47943680,533909504,542351360,536027136,46862336,46899200,46891008
487415808,486932480,46649344,46624768,471269376,47947776,533909504,542351360,536027136,46862336,46899200,46891008
487415808,486932480,46649344,46624768,471269376,47947776,533909504,542351360,536027136,46862336,46899200,46891008
487415808,486932480,46649344,46624768,471269376,47947776,533909504,542351360,536027136,46862336,46899200,46891008
487415808,486932480,46649344,46624768,471269376,47947776,533909504,542351360,536027136,46862336,46899200,46891008
487415808,486932480,46649344,46624768,471269376,47947776,533909504,542351360,536027136,47419392,46899200,46891008
487415808,486932480,46649344,46624768,471269376,47947776,535003136,542351360,536027136,47419392,46899200,46891008
487415808,486932480,46649344,46624768,471269376,47947776,535003136,542351360,536903680,47267840,46899200,46891008
487415808,486932480,46649344,46624768,471269376,47947776,535003136,543195136,536903680,47276032,47296512,47325184
487415808,486932480,46649344,46624768,471269376,48226304,535003136,543195136,536903680,47276032,47304704,47325184
487415808,486932480,46649344,46624768,471269376,48226304,535003136,543195136,536903680,47276032,47304704,47325184
487415808,486932480,46649344,46624768,472485888,48107520,535003136,543195136,536903680,47276032,47308800,47333376
487415808,486932480,46649344,46624768,472485888,48107520,535003136,543195136,536903680,47284224,47308800,47341568
487415808,486932480,46649344,46624768,472485888,48107520,535003136,543195136,536903680,47284224,47308800,47341568
487415808,486932480,46649344,46624768,472485888,48107520,535003136,543195136,536903680,47284224,47308800,47349760
487415808,486932480,46649344,46624768,472485888,48111616,535003136,543195136,536903680,47284224,47308800,47349760
487415808,486932480,46649344,46624768,472485888,48111616,535003136,543195136,536903680,47292416,47325184,47353856
487415808,486932480,46649344,46624768,472485888,48111616,535003136,543195136,536903680,47300608,47325184,47353856
487415808,486932480,46649344,46624768,472485888,48111616,535003136,543195136,536903680,47300608,47333376,47362048
487415808,486932480,46649344,46624768,472485888,48111616,535003136,543195136,536903680,47308800,47341568,47362048
487415808,486932480,46649344,46624768,472485888,48111616,535003136,543195136,536903680,47308800,47341568,47370240
487415808,486932480,46649344,46624768,472485888,48111616,535003136,543195136,536903680,47308800,47341568,47370240
487415808,486932480,46649344,46624768,472485888,48111616,535003136,543195136,536903680,47308800,47341568,47370240
487415808,486932480,46649344,46624768,472485888,48111616,535003136,543195136,536903680,47308800,47341568,47378432
487415808,486932480,46649344,46624768,472485888,48111616,535003136,543195136,536903680,47308800,47341568,47378432
487415808,486932480,46649344,46624768,472485888,48111616,535003136,543195136,536903680,47312896,47341568,47378432
487415808,486932480,46649344,46624768,472485888,48111616,535003136,543195136,536903680,47312896,47341568,47378432
487415808,486932480,46649344,46624768,472485888,48111616,535003136,543195136,536903680,47312896,47341568,47378432
487415808,486932480,46649344,46624768,472485888,48111616,535003136,543195136,536903680,47312896,47341568,47382528
487415808,486932480,46649344,46624768,472485888,48111616,535003136,543195136,536903680,47312896,47341568,47382528
487415808,486932480,46649344,46624768,472485888,48111616,535003136,543195136,536903680,47312896,47341568,47382528
487415808,486932480,46649344,46624768,472485888,48111616,535003136,543195136,536903680,47312896,47341568,47382528
487415808,486932480,46649344,46624768,472485888,48111616,535003136,543195136,536903680,47312896,47341568,47382528
487415808,486932480,46649344,46624768,472485888,48111616,535003136,543195136,536903680,47312896,47341568,47382528
487415808,486932480,46649344,46624768,472485888,48111616,535003136,543195136,536903680,47312896,47341568,47382528
487415808,486932480,46649344,46628864,472485888,48115712,535003136,543195136,536903680,47312896,47349760,47382528
487415808,486932480,46649344,46628864,472485888,48115712,535003136,543195136,536903680,47312896,47349760,47382528
487415808,486932480,46649344,46628864,472485888,48115712,535003136,543195136,536903680,47312896,47349760,47382528
487415808,486932480,46649344,46628864,472485888,48119808,535003136,543195136,536903680,47312896,47349760,47382528
487415808,486932480,46649344,46628864,472485888,48123904,535003136,543195136,536903680,47312896,47349760,47382528
487419904,486932480,46649344,46628864,472485888,48123904,535003136,543195136,536903680,47312896,47349760,47382528
487419904,486932480,46653440,46628864,472485888,48123904,535003136,543195136,536903680,47312896,47353856,47382528
487419904,486932480,46653440,46628864,472485888,48123904,535003136,543195136,536903680,47312896,47353856,47382528
487419904,486932480,46653440,46628864,472485888,48123904,535003136,543195136,536903680,47321088,47353856,47382528
487419904,486932480,46653440,46628864,472485888,48123904,535003136,543195136,536903680,47321088,47353856,47382528
487419904,486932480,46653440,46628864,472485888,48123904,535003136,543195136,536903680,47321088,47353856,47382528
487419904,486932480,46653440,46628864,472485888,48123904,535003136,543195136,536903680,47321088,47353856,47382528
487419904,486932480,46653440,46628864,472485888,48128000,535003136,543195136,536903680,47321088,47353856,47382528
487419904,486932480,46653440,46628864,472485888,48128000,535003136,543195136,536903680,47325184,47353856,47382528
487419904,486932480,46653440,46628864,472485888,48128000,535003136,543195136,536903680,47325184,47353856,47382528
487419904,486932480,46653440,46628864,472485888,48128000,535003136,543195136,536903680,47325184,47353856,47382528
487419904,486932480,46653440,46628864,472485888,48132096,535003136,543199232,536903680,47325184,47353856,47382528
487419904,486932480,46653440,46628864,472485888,48132096,535003136,543199232,536903680,47325184,47353856,47382528
487419904,486932480,46653440,46628864,472485888,48132096,535003136,543199232,536903680,47341568,47353856,47382528
487419904,486932480,46653440,46628864,472485888,48132096,535003136,543199232,536903680,47341568,47353856,47382528
487419904,486932480,46653440,46628864,472485888,48132096,535003136,543199232,536903680,47341568,47362048,47382528
487419904,486932480,46653440,46628864,472485888,48140288,535003136,543199232,536903680,47341568,47362048,47398912
487419904,486932480,46653440,46628864,472485888,48140288,535003136,543199232,536903680,47341568,47366144,47398912
487419904,488022016,46653440,46628864,472489984,48140288,535003136,543199232,536903680,47341568,47390720,47398912
487419904,488022016,46653440,47022080,472489984,48140288,535003136,543199232,536903680,47341568,47390720,47398912
487419904,488022016,46653440,47022080,472489984,48209920,535003136,543199232,536903680,47341568,47390720,47403008
487419904,488022016,46653440,47030272,472858624,48455680,535003136,543199232,536903680,47341568,47390720,47403008
488521728,488022016,47071232,47030272,472858624,48455680,535003136,543199232,536903680,47341568,47390720,47403008
488521728,488022016,47071232,47034368,472858624,48263168,535003136,543199232,536903680,47341568,47390720,47403008
488521728,488022016,47071232,47042560,473251840,48263168,535003136,543199232,536903680,47341568,47390720,47403008
488521728,488022016,47075328,47042560,473251840,48267264,535007232,543199232,536903680,47341568,47394816,47517696
488521728,488022016,47075328,47042560,473251840,48267264,535007232,543199232,542773248,47349760,47394816,47517696
488521728,488022016,47075328,47042560,473358336,48267264,535007232,543199232,542773248,47349760,47394816,47517696
488521728,488022016,47075328,47042560,473358336,48271360,535007232,543199232,542773248,47349760,47394816,47517696
488521728,488022016,47079424,47042560,473358336,49086464,535007232,543199232,542773248,47349760,47394816,47517696
488521728,488022016,47079424,47042560,481619968,49086464,535007232,543199232,542773248,47349760,47394816,47517696
488521728,488022016,47079424,47042560,481619968,48254976,535007232,543199232,542773248,47349760,47394816,47517696
488521728,501272576,47083520,47120384,490287104,49078272,535007232,543199232,542773248,47349760,47902720,47517696
488521728,501272576,47083520,47120384,490287104,49139712,535007232,543199232,542773248,47349760,47902720,47517696
488521728,501272576,47091712,47120384,490287104,49139712,535007232,552415232,542773248,47349760,48328704,47517696
488521728,501272576,47091712,47120384,490287104,48353280,535007232,552415232,542773248,47349760,48328704,47517696
488521728,501272576,47095808,47120384,490287104,48353280,535007232,552415232,542773248,47349760,47542272,47517696
488521728,501272576,47095808,47120384,490287104,49127424,535007232,552415232,542773248,47390720,47542272,47517696
488521728,501272576,47095808,47120384,491311104,49209344,543961088,552415232,542773248,47484928,47542272,47517696
488521728,501272576,47095808,47120384,491311104,49209344,543961088,552415232,542773248,47484928,47542272,47517696
488521728,501272576,47095808,47120384,491311104,48422912,543961088,552415232,542773248,47484928,47542272,47517696
488521728,501272576,47095808,47120384,494690304,49221632,543961088,552415232,542773248,47489024,47542272,47517696
488521728,501272576,47095808,47120384,494690304,49221632,543961088,552415232,542777344,47489024,47542272,47517696
488521728,501272576,47095808,47120384,494690304,48431104,543961088,552415232,542777344,47489024,47542272,47517696
502112256,501272576,47226880,47120384,494690304,48431104,543961088,552415232,542777344,47489024,47546368,47517696
502112256,501272576,47226880,47120384,494690304,49143808,543961088,552415232,542777344,48279552,47546368,47521792
502112256,501272576,47226880,47120384,494690304,49143808,543961088,552415232,542777344,48279552,47546368,47521792
502112256,501272576,47226880,47120384,496951296,50954240,544362496,552415232,542777344,47497216,48336896,47521792
502112256,501272576,47226880,47120384,496951296,50954240,544362496,554344448,544743424,47497216,48336896,47521792
502112256,501272576,47226880,47194112,496951296,50163712,544362496,554344448,544743424,47497216,47558656,47529984
502112256,503689216,47226880,47194112,496951296,48619520,544362496,554344448,544743424,47497216,47558656,47529984
502112256,503689216,47226880,47194112,496951296,48623616,544362496,554344448,544743424,47497216,47558656,47529984
502112256,503689216,47230976,47194112,496951296,48623616,544362496,554344448,544743424,47497216,47591424,47579136
502116352,503689216,47230976,47194112,492249088,48627712,544362496,557809664,547717120,47570944,47607808,47579136
502370304,503689216,47230976,47194112,492249088,48873472,544411648,557809664,553361408,47570944,47607808,47579136
502370304,503689216,47325184,47292416,492249088,48873472,574140416,562905088,578428928,55398400,48050176,47992832
509898752,503885824,47325184,47312896,492249088,48951296,575483904,562905088,578428928,55398400,48050176,47992832
509898752,507432960,47362048,47312896,492249088,57835520,575483904,562905088,578428928,48025600,48050176,47992832
512778240,507432960,47362048,47312896,492249088,72056832,575483904,588869632,578428928,48025600,48050176,50921472
512778240,514322432,47362048,48054272,492249088,72056832,575483904,588869632,607174656,48783360,48787456,48721920
512778240,514322432,47362048,48054272,608858112,54677504,649637888,639340544,654376960,48783360,48787456,48721920
512778240,578940928,48668672,48607232,580710400,57389056,649637888,639340544,654376960,48783360,48787456,48721920
580427776,578940928,48668672,48607232,580710400,57393152,649760768,639344640,654401536,48783360,48787456,48721920
610377728,578994176,48668672,48607232,580710400,57393152,649760768,639451136,654401536,48783360,48787456,48721920
630435840,579067904,48668672,48607232,580710400,57397248,649760768,641556480,654528512,48783360,48787456,48721920
630435840,579067904,48668672,48607232,580710400,57397248,611348480,641556480,683225088,61583360,48787456,48721920
630435840,579084288,48668672,48607232,580710400,57397248,611348480,578813952,683225088,61583360,48787456,48721920
683524096,579084288,48668672,48607232,580710400,57552896,611348480,578813952,586379264,51990528,48787456,52092928
672133120,524845056,48668672,52764672,580710400,57552896,611348480,578813952,586379264,51990528,51920896,52092928
672133120,524845056,48668672,52764672,580710400,72867840,611348480,578813952,586379264,56442880,51920896,52092928
530579456,524845056,52060160,52764672,632201216,70955008,671096832,578813952,586379264,51904512,51863552,61317120
530579456,524845056,52060160,66191360,632201216,70955008,671096832,661065728,586379264,51904512,51863552,52957184
530579456,524845056,52060160,53579776,623665152,70922240,629006336,661102592,661553152,51904512,51863552,52957184
557424640,589828096,53268480,53579776,623665152,58327040,629006336,661102592,661553152,51904512,51863552,52957184
557424640,552837120,53268480,52424704,623665152,58327040,629006336,661102592,661553152,51904512,51863552,52957184
557428736,552837120,53268480,52424704,623665152,58343424,629006336,620703744,625098752,51904512,51412992,51879936
557428736,552837120,53268480,52424704,623665152,58343424,629006336,620703744,625098752,50794496,51412992,51879936
519102464,554754048,53350400,52424704,623706112,58544128,629006336,620703744,625098752,50794496,51412992,51879936
519102464,572297216,53350400,52396032,623706112,58544128,651010048,620703744,625098752,51765248,51568640,52027392
519102464,572297216,53485568,52396032,623706112,58593280,651010048,627007488,645922816,51765248,52838400,52027392
513130496,572297216,53960704,52396032,623783936,58593280,651010048,644546560,645922816,51765248,52838400,51884032
513130496,572297216,53960704,52396032,623783936,58601472,651010048,644546560,645922816,51765248,52838400,51879936
513130496,572297216,53960704,52396032,623783936,58601472,651010048,644546560,645922816,51765248,52838400,51879936
513130496,572297216,54095872,52396032,623841280,58814464,651010048,615653376,647077888,51765248,52985856,51965952
513130496,572297216,54067200,52527104,623919104,58814464,628424704,615653376,647077888,51765248,52928512,51912704
523747328,575574016,54067200,52473856,623919104,58908672,628424704,615653376,647077888,51777536,52928512,51912704
523747328,575574016,54067200,52473856,623939584,58834944,628424704,615653376,647077888,51777536,52928512,51912704
523747328,575574016,54067200,52473856,623939584,58834944,628424704,615653376,647077888,51777536,52928512,51912704
523747328,575574016,54067200,52473856,623939584,58834944,628424704,615653376,647077888,51777536,52928512,51912704
523747328,575574016,54067200,52473856,623939584,58834944,628424704,615653376,647077888,51777536,52928512,51912704
523747328,575574016,54067200,52473856,623939584,58834944,628424704,615653376,647077888,51777536,52928512,51912704
523747328,575574016,54067200,52473856,623939584,58834944,628424704,615653376,647077888,51777536,52928512,51912704
523747328,575574016,54067200,52473856,623939584,58834944,628424704,615653376,647077888,51777536,52928512,51912704
523747328,575574016,54067200,52473856,623939584,58834944,628424704,615653376,647077888,51777536,52928512,51912704
523747328,575574016,54067200,52473856,623939584,58834944,628424704,615653376,647077888,51777536,52928512,51912704
523747328,575574016,54067200,52473856,623939584,58834944,628424704,615653376,647077888,51777536,52928512,51912704
523747328,575574016,54067200,52473856,623939584,58834944,628424704,615653376,647077888,51777536,52928512,51912704
523747328,575574016,54067200,52473856,623939584,58834944,628424704,615653376,647077888,51777536,52928512,51912704
523747328,575574016,54067200,52473856,623939584,58834944,628424704,615653376,647077888,51777536,52928512,51912704
523747328,575574016,54067200,52473856,623939584,58834944,628424704,615653376,647077888,51777536,52928512,51912704
523747328,575574016,54067200,52473856,623939584,58834944,628424704,615653376,647077888,51777536,52928512,51912704
523747328,575574016,54067200,52473856,623939584,58834944,628424704,615653376,647077888,51777536,52928512,51912704
523747328,575574016,54067200,52473856,623939584,58839040,628424704,615653376,647077888,51777536,52928512,51912704
523747328,575574016,54067200,52473856,623939584,58839040,628424704,615653376,647077888,51777536,52928512,51912704
523747328,575574016,54067200,52473856,623939584,58839040,628424704,615653376,647077888,51777536,52928512,51912704
523747328,575574016,54067200,52473856,623939584,58839040,628424704,615653376,647077888,51777536,52928512,51912704
523747328,575574016,54067200,52473856,623939584,58839040,628424704,615653376,647077888,51777536,52928512,51912704
523747328,575574016,54067200,52473856,623939584,58839040,628424704,615653376,647077888,51777536,52928512,51912704
523747328,575574016,54067200,52473856,623943680,58839040,628424704,615653376,647077888,51777536,52928512,51912704
523747328,575574016,54067200,52473856,623943680,58839040,628424704,615653376,647077888,51777536,52928512,51912704
523747328,575574016,54067200,52473856,623943680,58839040,628424704,615653376,647077888,51777536,52928512,51912704
523747328,575574016,54067200,52473856,623943680,58839040,628424704,615653376,647077888,51777536,52928512,51912704
523747328,575574016,54067200,52473856,623943680,58839040,628424704,615653376,647077888,51777536,52928512,51912704
523747328,575574016,54067200,52473856,623943680,58839040,628424704,615653376,647077888,51777536,52928512,51912704
523747328,575574016,54067200,52473856,623943680,58839040,628424704,615653376,647077888,51777536,52928512,51912704
523747328,575574016,54067200,52473856,623943680,58839040,628424704,615653376,647077888,51777536,52928512,51912704
523747328,575574016,54067200,52473856,623943680,58839040,628424704,615653376,647077888,51777536,52928512,51912704
523747328,575574016,54067200,52473856,623943680,58839040,628424704,615653376,647077888,51777536,52928512,51912704
523747328,575574016,54067200,52473856,623943680,58839040,628424704,615653376,647077888,51777536,52928512,51912704
523747328,575574016,54067200,52473856,623943680,58839040,628424704,615653376,647077888,51777536,52928512,51912704
523747328,575574016,54067200,52473856,623943680,58843136,628424704,615653376,647077888,51777536,52928512,51912704
523747328,575574016,54067200,52473856,623943680,58843136,628424704,615653376,647077888,51777536,52928512,51912704
523747328,575574016,54067200,52473856,623943680,58843136,628424704,615653376,647077888,51777536,52928512,51912704
523747328,575574016,54067200,52473856,623943680,58843136,628424704,615653376,647077888,51777536,52928512,51912704
523747328,575574016,54067200,52473856,623943680,58847232,628424704,615653376,647077888,51777536,52928512,51912704
523747328,575574016,54067200,52473856,623943680,58847232,628424704,615653376,647077888,51777536,52928512,51912704
523747328,575574016,54067200,52473856,623943680,58847232,628424704,615653376,647077888,51777536,52928512,51912704
523747328,575574016,54067200,52473856,623943680,58847232,628424704,615653376,647077888,51777536,52928512,51912704
523747328,575574016,54067200,52473856,623943680,58847232,628424704,615653376,647077888,51777536,52928512,51912704
523747328,575574016,54067200,52473856,623943680,58847232,628424704,615653376,647077888,51777536,52928512,51912704
523747328,575574016,54067200,52473856,623943680,58847232,628424704,615653376,647077888,51777536,52928512,51912704
523747328,575574016,54067200,52473856,623943680,58847232,628424704,615653376,647077888,51777536,52928512,51912704
523747328,575574016,54067200,52473856,623943680,58847232,628424704,615653376,647077888,51777536,52928512,51912704
523747328,575574016,54067200,52473856,623943680,58847232,628424704,615653376,647077888,51777536,52928512,51912704
523747328,575574016,54067200,52473856,623943680,58847232,628424704,615653376,647077888,51777536,52928512,51912704
523747328,575574016,54067200,52473856,623943680,58847232,628424704,615653376,647077888,51777536,52928512,51912704
523747328,575574016,54067200,52473856,623943680,58847232,628424704,615653376,647077888,51777536,52928512,51912704
523747328,575574016,54067200,52473856,623943680,58847232,628424704,615653376,647077888,51777536,52928512,51912704
523747328,575574016,54067200,52473856,623943680,58847232,628424704,615653376,647077888,51777536,52928512,51912704
523747328,575574016,54067200,52473856,623943680,58847232,628424704,615653376,647077888,51777536,52928512,51912704
523747328,575574016,54067200,52473856,623943680,58847232,628424704,615653376,647077888,51777536,52928512,51912704
523747328,575574016,54067200,52473856,623943680,58847232,628424704,615653376,647077888,51777536,52928512,51912704
523747328,575574016,54067200,52473856,623943680,58847232,628424704,615653376,647077888,51777536,52928512,51912704
523747328,575574016,54067200,52473856,623943680,58847232,628424704,615653376,647077888,51777536,52928512,51912704
523747328,575574016,54067200,52473856,623943680,58847232,628424704,615653376,647077888,51777536,52928512,51912704
523747328,575574016,54067200,52473856,623943680,58847232,628424704,615653376,647077888,51777536,52928512,51912704
523747328,575574016,54067200,52473856,623943680,58847232,628424704,615653376,647077888,51777536,52928512,51912704
523747328,575574016,54067200,52473856,623943680,58847232,628424704,615653376,647077888,51777536,52928512,51912704
523747328,575574016,54067200,52473856,623943680,58847232,628424704,615653376,647077888,51777536,52928512,51912704
523747328,575574016,54067200,52473856,623943680,58847232,628424704,615653376,647077888,51777536,52928512,51912704
523747328,575574016,54067200,52473856,623943680,58847232,628424704,615653376,647077888,51777536,52928512,51912704
523747328,575574016,54067200,52473856,623943680,58847232,628424704,615653376,647077888,51777536,52928512,51912704
523747328,575574016,54067200,52473856,623943680,58847232,628424704,615653376,647077888,51777536,52928512,51912704
523747328,575574016,54067200,52473856,623943680,58847232,628424704,615653376,647077888,51777536,52928512,51912704
523747328,575574016,54067200,52473856,623943680,58847232,628424704,615653376,647077888,51777536,52928512,51912704
523747328,575574016,54067200,52473856,623943680,58847232,628424704,615653376,647077888,51777536,52928512,51912704
523747328,575574016,54067200,52473856,623943680,58847232,628424704,615653376,647077888,51777536,52928512,51912704
523747328,575574016,54067200,52473856,623943680,58847232,628424704,615653376,647077888,51777536,52928512,51912704
523747328,575574016,54067200,52473856,623943680,58847232,628424704,615653376,647077888,51777536,52928512,51912704
523747328,575574016,54067200,52473856,623943680,58847232,628424704,615653376,647077888,51777536,52928512,51912704
523747328,575574016,54067200,52473856,623943680,58847232,628424704,615653376,647077888,51777536,52928512,51912704
523747328,575574016,54067200,52473856,623943680,58847232,628424704,615653376,647077888,51777536,52928512,51912704
523747328,575574016,54067200,52473856,623943680,58847232,628424704,615653376,647077888,51777536,52928512,51912704
523747328,575574016,54067200,52473856,623943680,58847232,628424704,615653376,647077888,51777536,52928512,51912704
523747328,575574016,54067200,52473856,623943680,58847232,628424704,615653376,647077888,51777536,52928512,51912704
523747328,575574016,54067200,52473856,623943680,58847232,628424704,615653376,647077888,51777536,52928512,51912704
523747328,575574016,54067200,52473856,623943680,58847232,628424704,615653376,647077888,51777536,52928512,51912704
523747328,575574016,54067200,52473856,623943680,58851328,628424704,615653376,647077888,51777536,52928512,51912704
523747328,575574016,54067200,52473856,623943680,58851328,628424704,615653376,647077888,51777536,52928512,51912704
523747328,575574016,54067200,52473856,623943680,58851328,628424704,615653376,647077888,51777536,52928512,51912704
523747328,575574016,54067200,52473856,623943680,58851328,628424704,615653376,647077888,51777536,52928512,51912704
523747328,575574016,54067200,52473856,623943680,58851328,628424704,615653376,647077888,51777536,52928512,51912704
523747328,575574016,54067200,52473856,623943680,58851328,628424704,615653376,647077888,51777536,52928512,51912704
523747328,575574016,54067200,52473856,623943680,58851328,628424704,615653376,647077888,51777536,52928512,51912704
523747328,575574016,54067200,52473856,623943680,58851328,628424704,615653376,647077888,51777536,52928512,51912704
523747328,575574016,54067200,52473856,623943680,58851328,628424704,615653376,647077888,51777536,52928512,51912704
523747328,575574016,54067200,52473856,623943680,58851328,628424704,615653376,647077888,51777536,52928512,51912704
523747328,575574016,54067200,52473856,623943680,58851328,628424704,615653376,647077888,51777536,52928512,51912704
523747328,575574016,54067200,52473856,623943680,58855424,628424704,615653376,647077888,51777536,52928512,51912704
523747328,575574016,54067200,52473856,623943680,58855424,628424704,615653376,647077888,51777536,52928512,51912704
523747328,575574016,54067200,52473856,623943680,58855424,628424704,615653376,647077888,51777536,52928512,51912704
523747328,575574016,54067200,52473856,623943680,58855424,628424704,615653376,647077888,51777536,52928512,51912704
523747328,575574016,54067200,52473856,623943680,58855424,628424704,615653376,647077888,51777536,52928512,51912704
523747328,575574016,54067200,52473856,623943680,58855424,628424704,615653376,647077888,51777536,52928512,51912704
523747328,575574016,54067200,52473856,623943680,58855424,628424704,615653376,647077888,51777536,52928512,51912704
523747328,575574016,54067200,52473856,623943680,58855424,628424704,615653376,647077888,51777536,52928512,51912704
523747328,575574016,54067200,52473856,623943680,58855424,628424704,615653376,647077888,51777536,52928512,51912704
523747328,575574016,54067200,52473856,623943680,58855424,628424704,615653376,647077888,51777536,52928512,51912704
523747328,575574016,54067200,52473856,623943680,58855424,628424704,615653376,647077888,51777536,52928512,51912704
523747328,575574016,54067200,52473856,623943680,58855424,628424704,615653376,647077888,51777536,52928512,51912704
523747328,575574016,54067200,52473856,623943680,58855424,628424704,615653376,647077888,51777536,52928512,51912704
523747328,575574016,54067200,52473856,623943680,58855424,628424704,615653376,647077888,51777536,52928512,51912704
523747328,575574016,54067200,52473856,623943680,58855424,628424704,615653376,647077888,51777536,52928512,51912704
523747328,575574016,54067200,52473856,623943680,58855424,628424704,615653376,647077888,51777536,52928512,51912704
523747328,575574016,54067200,52473856,623943680,58855424,628424704,615653376,647077888,51777536,52928512,51912704
523747328,575574016,54067200,52473856,623943680,58855424,628424704,615653376,647077888,51777536,52928512,51912704
523747328,575574016,54067200,52473856,623943680,58855424,628424704,615653376,647077888,51777536,52928512,51912704
523747328,575574016,54067200,52473856,623943680,58855424,628424704,615653376,647077888,51777536,52928512,51912704
523747328,575574016,54067200,52473856,623943680,58855424,628424704,615653376,647077888,51777536,52928512,51912704
523747328,575574016,54067200,52473856,623943680,58855424,628424704,615653376,647077888,51777536,52928512,51912704
523747328,575574016,54067200,52473856,623943680,58855424,628424704,615653376,647077888,51777536,52928512,51912704
523747328,575574016,54067200,52473856,623943680,58855424,628424704,615653376,647077888,51777536,52928512,51912704
523747328,575574016,54067200,52473856,623943680,58855424,628424704,615653376,647077888,51777536,52928512,51912704
523747328,575574016,54067200,52473856,623943680,58855424,628424704,615653376,647077888,51777536,52928512,51912704
523747328,575574016,54067200,52473856,623943680,58855424,628424704,615653376,647077888,51777536,52928512,51912704
523747328,575574016,54067200,52473856,623943680,58855424,628424704,615653376,647077888,51777536,52928512,51912704
523747328,575574016,54067200,52473856,623943680,58855424,628424704,615653376,647077888,51777536,52928512,51912704
523747328,575574016,54067200,52473856,623943680,58855424,628424704,615653376,647077888,51777536,52928512,51912704
523747328,575574016,54067200,52473856,623943680,58855424,628424704,615653376,647077888,51777536,52928512,51912704
523747328,575574016,54067200,52473856,623943680,58855424,628424704,615653376,647077888,51777536,52928512,51912704
523747328,575574016,54067200,52473856,623943680,58855424,628424704,615653376,647077888,51777536,52928512,51912704
523747328,575574016,54067200,52473856,623943680,58855424,628424704,615653376,647077888,51777536,52928512,51912704
523747328,575574016,54067200,52473856,623943680,58855424,628424704,615653376,647077888,51777536,52928512,51912704
523747328,575574016,54067200,52473856,623943680,58855424,628424704,615653376,647077888,51777536,52928512,51912704
523747328,575574016,54067200,52473856,623943680,58855424,628424704,615653376,647077888,51777536,52928512,51912704
523747328,575574016,54067200,52473856,623943680,58855424,628424704,615653376,647077888,51777536,52928512,51912704
523747328,575574016,54067200,52473856,623943680,58855424,628424704,615653376,647077888,51777536,52928512,51912704
523747328,575574016,54067200,52473856,623943680,58855424,628424704,615653376,647077888,51777536,52928512,51912704
523747328,575574016,54067200,52473856,623943680,58855424,628424704,615653376,647077888,51777536,52928512,51912704
523747328,575574016,54067200,52473856,623943680,58855424,628424704,615653376,647077888,51777536,52928512,51912704
523747328,575574016,54067200,52473856,623943680,58855424,628424704,615653376,647077888,51777536,52928512,51912704
523747328,575574016,54067200,52473856,623943680,58855424,628424704,615653376,647077888,51777536,52928512,51912704
523747328,575574016,54067200,52473856,623943680,58855424,628424704,616816640,647077888,51777536,52928512,52350976
523747328,575574016,54067200,52473856,623943680,58855424,628424704,616816640,647077888,51777536,52928512,52350976
523747328,575574016,54067200,52473856,623943680,58855424,604160000,616816640,647077888,51777536,53293056,52350976
523747328,575574016,54067200,52473856,623943680,58855424,604160000,616816640,647077888,52224000,53293056,52350976
523747328,575574016,54067200,52473856,624717824,58929152,604160000,616816640,647077888,52224000,53293056,52350976
523747328,575574016,54067200,52473856,624717824,59179008,604160000,616816640,647077888,52224000,53293056,52350976
523747328,575574016,54067200,52473856,624717824,59011072,604160000,616816640,647077888,52224000,53293056,52350976
523747328,575574016,54067200,52473856,624717824,59011072,604160000,616816640,647077888,52224000,53293056,52350976
523747328,575574016,54067200,52473856,624717824,59011072,604160000,616816640,647077888,52224000,53293056,52350976
523747328,575574016,54067200,52473856,624717824,59011072,604160000,616816640,647077888,52224000,53293056,52350976
523747328,575574016,54067200,52473856,624717824,59011072,604160000,616816640,647077888,52224000,53293056,52350976
523747328,575574016,54067200,52473856,624717824,59011072,604160000,616816640,647077888,52224000,53293056,52350976
523747328,575574016,54067200,52473856,624717824,59011072,604160000,616816640,647077888,52224000,53297152,52350976
523747328,575574016,54067200,52473856,624717824,59011072,604160000,616816640,647077888,52224000,53297152,52350976
523747328,575574016,54067200,52473856,624717824,59011072,604160000,616816640,647077888,52224000,53297152,52355072
523747328,575574016,54067200,52473856,624717824,59011072,604160000,616816640,647077888,52224000,53297152,52355072
523747328,575574016,54067200,52473856,624717824,59011072,604160000,616816640,647077888,52224000,53297152,52355072
523747328,575574016,54067200,52473856,624717824,59011072,604160000,616816640,647077888,52224000,53297152,52355072
523747328,575574016,54067200,52473856,624717824,59011072,604160000,616816640,647077888,52224000,53297152,52355072
523747328,575574016,54067200,52473856,624717824,59011072,604160000,616816640,647077888,52224000,53297152,52355072
523747328,575574016,54067200,52473856,624717824,59011072,604160000,616816640,647077888,52224000,53297152,52355072
523747328,575574016,54067200,52473856,624717824,59011072,604160000,616816640,647077888,52224000,53297152,52355072
523747328,575574016,54067200,52473856,624717824,59015168,604160000,616816640,647077888,52224000,53297152,52355072
523747328,575574016,54067200,52473856,624717824,59015168,604160000,616816640,647077888,52224000,53297152,52355072
523747328,575574016,54067200,52473856,624717824,59015168,604160000,616816640,647077888,52224000,53297152,52363264
523747328,575574016,54067200,52473856,624717824,59015168,604160000,616816640,647077888,52224000,53297152,52363264
523747328,575574016,54067200,52473856,624717824,59015168,604160000,616816640,647077888,52224000,53297152,52367360
523747328,575574016,54067200,52473856,624717824,59015168,604160000,616816640,647077888,52224000,53297152,52367360
523747328,575574016,54067200,52473856,624717824,59015168,604160000,616816640,647077888,52224000,53297152,52367360
523747328,575574016,54067200,52473856,624717824,59015168,604160000,616816640,647077888,52224000,53297152,52367360
523747328,575574016,54067200,52473856,624717824,59015168,604160000,616816640,647077888,52224000,53297152,52367360
523747328,575574016,54067200,52473856,624717824,59015168,604160000,616816640,647077888,52224000,53297152,52367360
523747328,575574016,54067200,52473856,624717824,59015168,604160000,616816640,647077888,52224000,53297152,52367360
523747328,575574016,54067200,52473856,624717824,59015168,604160000,616816640,647077888,52224000,53297152,52367360
523747328,575574016,54067200,52473856,624717824,59019264,604160000,616816640,647077888,52224000,53297152,52367360
523747328,575574016,54067200,52473856,624717824,59019264,604160000,616816640,647077888,52224000,53297152,52367360
523747328,575574016,54067200,52473856,624717824,59019264,604160000,616816640,647077888,52224000,53297152,52367360
523747328,575574016,54067200,52473856,624717824,59019264,604160000,616816640,647077888,52224000,53297152,52367360
523747328,575574016,54067200,52473856,624717824,59019264,604160000,616816640,647077888,52228096,53297152,52367360
523747328,575574016,54067200,52473856,624717824,59019264,604160000,616816640,647077888,52228096,53297152,52367360
523747328,575574016,54067200,52473856,624717824,59019264,604160000,616816640,647077888,52228096,53297152,52367360
523747328,575574016,54067200,52473856,624717824,59019264,604160000,616816640,647077888,52228096,53297152,52367360
523747328,575574016,54067200,52473856,624717824,59019264,604160000,616816640,647077888,52228096,53297152,52367360
523747328,575574016,54067200,52473856,624717824,59019264,604160000,616816640,647077888,52228096,53297152,52367360
523747328,575574016,54067200,52473856,624717824,59019264,604160000,616816640,647077888,52228096,53297152,52367360
523747328,575574016,54067200,52473856,624717824,59019264,604160000,616816640,647077888,52228096,53297152,52367360
523747328,575574016,54067200,52473856,624717824,59019264,604160000,616816640,647077888,52228096,53297152,52367360
523747328,575574016,54067200,52473856,624717824,59019264,604160000,616816640,647077888,52228096,53297152,52367360
523747328,575574016,54067200,52473856,624717824,59019264,604160000,616816640,647077888,52228096,53297152,52367360
523747328,575574016,54067200,52473856,624717824,59019264,604160000,616816640,647077888,52228096,53297152,52367360
523747328,575574016,54067200,52473856,624717824,59019264,604160000,616816640,647077888,52228096,53297152,52367360
523747328,575574016,54067200,52473856,624717824,59019264,604160000,616816640,647077888,52228096,53297152,52367360
523747328,575574016,54067200,52473856,624717824,59019264,604160000,616816640,647077888,52228096,53297152,52367360
523747328,575574016,54067200,52473856,624717824,59019264,604160000,616816640,647077888,52228096,53297152,52367360
523747328,575574016,54067200,52473856,624717824,59019264,604160000,616816640,647077888,52228096,53297152,52367360
523747328,575574016,54067200,52473856,624717824,59019264,604160000,616816640,647077888,52228096,53297152,52367360
523747328,575574016,54067200,52473856,624717824,59019264,604160000,616816640,647077888,52228096,53297152,52367360
523747328,575574016,54067200,52473856,624717824,59019264,604160000,616816640,647077888,52228096,53297152,52367360
523747328,575574016,54067200,52473856,624717824,59019264,604160000,616816640,647077888,52228096,53297152,52367360
523747328,575574016,54067200,52473856,624717824,59019264,604160000,616816640,647077888,52228096,53297152,52367360
523747328,575574016,54067200,52473856,624717824,59019264,604160000,616816640,647077888,52228096,53297152,52367360
523747328,575574016,54067200,52473856,624717824,59019264,604160000,616816640,647077888,52228096,53297152,52367360
523747328,575574016,54067200,52473856,624717824,59019264,604160000,616816640,647077888,52228096,53301248,52367360
523747328,575574016,54067200,52473856,624717824,59019264,604160000,616816640,647077888,52228096,53301248,52367360
523747328,575574016,54067200,52473856,624717824,59019264,604160000,616816640,647077888,52228096,53301248,52367360
523747328,575574016,54067200,52473856,624717824,59019264,604160000,616816640,647077888,52228096,53301248,52367360
523747328,575574016,54067200,52473856,624717824,59019264,604160000,616816640,647077888,52228096,53301248,52367360
523747328,575574016,54067200,52473856,624717824,59019264,604160000,616816640,647077888,52228096,53301248,52367360
523747328,575574016,54067200,52473856,624717824,59019264,604160000,616816640,647077888,52228096,53301248,52367360
523747328,575574016,54067200,52473856,624717824,59019264,604160000,616816640,647077888,52228096,53301248,52367360
523747328,575574016,54067200,52473856,624717824,59019264,604160000,616816640,647077888,52228096,53301248,52367360
523747328,575574016,54067200,52473856,624717824,59019264,604160000,616816640,647077888,52228096,53301248,52367360
523747328,575574016,54067200,52473856,624717824,59019264,604160000,616816640,647077888,52228096,53301248,52367360
523747328,575574016,54067200,52473856,624717824,59019264,604160000,616816640,647077888,52228096,53301248,52367360
523747328,575574016,54067200,52473856,624717824,59019264,604160000,616816640,647077888,52228096,53301248,52367360
523747328,575574016,54067200,52473856,624717824,59019264,604160000,616816640,647077888,52228096,53301248,52367360
523747328,575574016,54067200,52473856,624717824,59019264,604160000,616816640,647077888,52228096,53301248,52367360
523747328,575574016,54067200,52473856,624717824,59019264,604160000,616816640,647077888,52232192,53301248,52367360
523747328,575574016,54067200,52473856,624717824,59019264,604160000,616816640,647077888,52232192,53301248,52367360
523747328,575574016,54067200,52473856,624717824,59019264,604160000,616816640,647077888,52232192,53301248,52367360
523747328,575574016,54067200,52473856,624717824,59019264,604160000,616816640,647077888,52232192,53301248,52367360
523747328,575574016,54067200,52473856,624717824,59019264,604160000,616816640,647077888,52232192,53301248,52367360
523747328,575574016,54067200,52473856,624717824,59019264,604160000,616816640,647077888,52232192,53301248,52367360
523747328,575574016,54067200,52473856,624717824,59019264,604160000,616816640,647077888,52232192,53301248,52367360
523747328,575574016,54067200,52473856,624717824,59019264,604160000,616816640,647077888,52232192,53301248,52367360
523747328,575574016,54067200,52473856,624717824,59019264,604160000,616816640,647077888,52232192,53301248,52367360
523747328,575574016,54067200,52473856,624717824,59019264,604160000,616816640,647077888,52232192,53301248,52367360
523747328,575574016,54067200,52473856,624717824,59019264,604160000,616816640,647077888,52232192,53301248,52367360
523747328,575574016,54067200,52473856,624717824,59019264,604160000,616816640,647077888,52232192,53301248,52367360
519864320,575574016,54718464,52473856,624730112,59224064,604160000,616816640,647077888,52232192,53301248,52367360
519864320,576512000,54718464,53104640,624730112,59420672,604160000,616816640,647077888,52232192,53301248,52367360
519864320,576512000,54718464,53104640,624730112,59420672,604160000,616816640,647077888,52232192,53301248,52367360
519864320,576512000,54718464,53104640,624730112,59232256,604160000,616816640,647077888,52232192,53301248,52367360
519864320,576512000,54718464,53104640,624730112,59232256,604160000,616816640,647077888,52232192,53301248,52367360
519864320,576512000,54718464,53104640,624730112,59232256,604160000,616816640,647077888,52232192,53301248,52367360
519864320,576512000,54718464,53104640,624730112,59236352,604160000,616816640,647077888,52232192,53301248,52367360
519864320,576512000,54718464,53104640,624730112,59236352,604160000,616816640,649981952,52232192,53301248,52133888
519864320,576512000,54718464,53104640,624730112,59265024,604160000,616816640,649981952,52232192,53301248,52133888
519864320,576512000,54718464,53104640,624730112,60055552,604160000,616816640,649981952,52232192,53301248,52133888
519864320,576512000,54718464,53108736,624730112,60055552,604160000,616816640,649981952,52232192,53301248,52133888
519864320,576512000,54718464,53108736,624730112,60055552,604160000,616816640,649981952,52232192,53301248,52133888
519864320,576512000,54718464,53108736,628305920,60055552,604160000,616816640,649981952,52232192,54075392,52133888
519864320,581058560,54718464,53108736,628305920,59052032,604160000,619663360,649981952,52232192,54075392,52133888
519864320,585314304,54718464,52969472,628310016,57724928,604160000,619663360,649981952,52232192,52449280,52133888
519864320,585314304,54718464,52969472,629854208,57724928,604164096,619663360,649981952,52232192,52449280,52133888
519864320,585314304,54718464,52969472,629854208,58499072,604164096,619663360,649981952,52232192,52449280,52133888
519864320,585314304,54718464,52969472,629854208,56500224,604164096,619663360,649981952,53022720,52449280,52133888
519864320,585314304,54718464,52969472,630702080,56500224,606486528,619663360,649981952,53022720,52449280,52133888
519864320,585314304,54718464,52969472,630702080,56475648,606486528,619663360,649981952,51884032,52449280,52133888
519864320,585314304,54718464,52969472,630702080,56475648,606486528,619663360,649981952,51884032,52449280,52133888
519864320,585314304,54718464,52973568,631922688,55681024,606486528,619663360,649981952,51884032,52449280,52133888
521084928,585314304,55472128,52973568,631922688,55681024,606486528,619663360,649981952,51888128,52449280,52133888
521084928,585314304,56406016,52973568,631922688,56209408,606486528,619663360,649981952,51888128,52449280,52133888
521084928,585314304,56406016,52973568,634060800,58662912,606486528,619663360,649981952,51888128,52449280,52133888
521084928,585314304,56406016,52973568,634060800,57090048,608346112,619663360,649981952,51904512,52449280,52924416
521084928,587284480,56406016,53907456,634060800,57090048,608346112,619663360,649986048,52322304,52015104,52146176
521084928,587284480,56406016,53907456,634060800,55533568,608346112,620720128,649986048,52322304,52015104,52146176
521084928,587284480,56406016,53907456,634060800,55533568,608346112,620720128,649986048,52322304,52015104,52146176
521084928,587284480,56406016,53907456,634060800,55738368,608346112,620720128,649986048,52416512,52101120,52244480
521084928,587284480,56406016,53907456,634060800,55738368,608346112,620720128,649986048,52416512,52101120,52244480
521084928,587284480,56406016,53907456,634060800,55812096,618762240,620716032,649986048,52396032,52101120,52244480
529866752,587284480,56545280,53907456,634060800,55816192,700166144,620724224,649998336,68042752,52088832,52281344
529866752,587284480,56545280,54013952,634060800,55816192,636039168,620724224,647213056,68042752,60301312,52281344
535957504,587542528,56545280,54013952,634060800,63901696,636039168,636698624,647213056,53035008,60301312,52338688
549355520,587542528,53329920,54013952,634060800,63901696,636039168,636698624,647213056,53035008,52944896,52338688
549355520,588955648,53329920,54013952,669073408,58040320,636039168,636698624,647213056,53035008,52944896,52338688
549355520,587767808,53329920,53948416,669073408,63438848,636039168,636698624,647213056,53035008,52944896,52338688
549355520,587767808,53329920,53948416,669073408,56090624,636039168,636698624,647213056,53039104,52944896,52338688
549355520,587767808,53334016,53948416,684027904,56090624,655777792,636698624,647213056,52146176,52944896,52654080
549355520,587767808,53334016,53948416,684027904,88100864,706215936,636698624,685969408,52146176,54554624,52654080
549355520,587767808,53334016,53948416,701956096,88100864,706265088,659849216,685969408,52146176,54554624,52297728
579510272,587767808,58748928,53948416,701956096,62894080,706265088,686338048,722554880,52146176,52871168,52297728
579510272,621817856,58748928,53948416,701956096,56590336,706334720,686338048,722554880,52146176,52871168,52297728
624857088,665960448,52445184,52924416,701956096,56590336,706334720,686342144,722624512,52146176,52871168,52297728
672710656,665960448,52445184,52924416,701956096,56590336,706334720,686342144,722624512,52146176,52871168,52297728
672710656,665964544,52445184,52924416,701956096,56590336,710828032,686342144,722624512,52146176,52871168,52297728
674197504,665968640,52445184,52924416,701956096,56590336,642375680,686362624,723795968,52260864,52871168,52539392
674197504,665968640,52445184,52924416,701956096,56590336,642375680,624553984,666939392,52260864,62005248,52535296
721207296,618098688,52445184,51683328,701956096,63500288,642375680,624553984,666939392,52260864,62005248,52535296
721207296,618098688,52445184,51683328,701956096,54976512,642375680,624553984,666939392,52260864,52400128,52535296
721207296,618098688,52445184,51683328,701956096,54976512,642375680,624553984,666939392,52260864,52400128,52535296
552751104,618098688,52445184,51683328,701956096,54976512,642375680,624553984,666939392,52260864,52400128,52535296
552751104,618098688,52391936,51683328,701956096,68800512,642375680,624553984,666939392,60669952,52400128,52666368
552751104,618098688,52391936,51683328,723582976,68800512,678273024,624553984,666939392,51978240,52400128,52277248
552751104,618098688,66166784,51683328,723582976,81494016,678273024,624553984,717938688,51978240,52400128,52277248
598843392,649396224,66166784,54837248,723582976,68829184,678273024,680574976,681635840,52314112,53420032,52928512
598855680,649396224,53563392,54837248,723582976,56221696,635699200,680574976,681635840,52314112,53420032,51916800
557744128,610869248,53563392,54837248,723582976,56221696,635699200,643039232,681635840,52314112,52006912,51916800
557744128,610869248,53530624,54046720,723582976,56250368,635699200,643039232,681635840,52314112,52006912,51916800
557744128,610869248,53530624,54046720,723582976,56451072,635699200,643039232,681635840,52453376,52006912,52477952
557744128,610869248,53530624,54046720,723582976,56451072,658403328,643039232,697987072,52277248,52170752,52477952
559886336,614096896,52617216,54128640,723582976,56545280,658403328,658526208,697987072,52277248,53989376,52461568
559886336,614096896,52617216,54128640,723582976,56492032,658403328,658526208,697987072,52277248,53989376,52461568
559886336,614096896,52617216,54452224,723582976,56532992,658403328,658526208,697987072,52277248,53989376,52461568
552296448,628604928,52477952,54452224,723582976,56532992,658403328,658526208,697991168,52277248,53989376,52461568
552296448,628604928,52477952,54452224,723582976,56737792,658571264,658526208,697991168,52326400,54112256,52506624
552296448,628604928,52477952,54452224,723582976,56811520,658571264,659435520,700313600,52326400,54071296,52506624
552296448,628666368,52555776,54546432,723582976,56795136,658571264,659435520,700313600,52326400,54071296,52506624
559988736,628666368,52555776,54546432,723582976,56795136,658571264,659435520,700313600,52326400,54071296,52506624
559988736,628666368,52555776,54546432,723582976,56795136,658571264,659435520,700313600,52326400,54071296,52506624
559988736,628666368,52555776,54546432,723582976,56795136,658571264,659435520,700313600,52326400,54071296,52506624
559988736,628666368,52555776,54546432,723582976,56795136,658571264,659435520,700313600,52326400,54071296,52506624
559988736,628666368,52555776,54546432,723582976,56795136,658571264,659435520,700313600,52326400,54071296,52506624
559988736,628666368,52555776,54546432,723582976,56795136,658571264,659435520,700313600,52326400,54071296,52506624
559988736,628666368,52555776,54546432,723582976,56795136,658571264,659435520,700313600,52326400,54071296,52506624
559988736,628666368,52555776,54546432,723582976,56795136,658571264,659435520,700313600,52326400,54071296,52506624
559988736,628666368,52555776,54546432,723582976,56795136,658571264,659435520,700313600,52326400,54071296,52506624
559988736,628666368,52555776,54546432,723582976,56795136,658571264,659435520,700313600,52326400,54071296,52506624
559988736,628666368,52555776,54546432,723582976,56795136,658571264,659435520,700313600,52326400,54071296,52506624
559988736,628666368,52555776,54546432,723582976,56795136,658571264,659435520,700313600,52326400,54071296,52506624
559988736,628666368,52555776,54546432,723582976,56795136,658571264,659435520,700313600,52326400,54071296,52506624
559988736,628666368,52555776,54546432,723582976,56795136,658571264,659435520,700313600,52326400,54071296,52506624
559988736,628666368,52555776,54546432,723582976,56795136,658571264,659435520,700313600,52326400,54071296,52506624
559988736,628666368,52555776,54546432,723582976,56795136,658571264,659435520,700313600,52326400,54071296,52506624
559988736,628666368,52555776,54546432,723582976,56799232,658571264,659435520,700313600,52326400,54071296,52506624
559988736,628666368,52555776,54546432,723582976,56799232,658571264,659435520,700313600,52326400,54071296,52506624
559988736,628666368,52555776,54546432,723582976,56799232,658571264,659435520,700313600,52326400,54071296,52506624
559988736,628666368,52555776,54546432,723582976,56799232,658571264,659435520,700313600,52326400,54071296,52506624
559988736,628666368,52555776,54546432,723582976,56799232,658571264,659435520,700313600,52326400,54071296,52506624
559988736,628666368,52555776,54546432,723582976,56799232,658571264,659435520,700313600,52326400,54071296,52506624
559988736,628666368,52555776,54546432,723582976,56799232,658571264,659435520,700313600,52326400,54071296,52506624
559988736,628666368,52555776,54546432,723582976,56799232,658571264,659435520,700313600,52326400,54071296,52506624
559988736,628666368,52555776,54546432,723582976,56799232,658571264,659435520,700313600,52326400,54071296,52506624
559988736,628666368,52555776,54546432,723582976,56799232,658571264,659435520,700313600,52326400,54071296,52506624
559988736,628666368,52555776,54546432,723582976,56799232,658571264,659435520,700313600,52326400,54071296,52506624
559988736,628666368,52555776,54546432,723582976,56799232,658571264,659435520,700313600,52326400,54071296,52506624
559988736,628666368,52555776,54546432,723582976,56799232,658571264,659435520,700313600,52326400,54071296,52506624
559988736,628666368,52555776,54546432,723582976,56799232,658571264,659435520,700313600,52326400,54071296,52506624
559988736,628666368,52555776,54546432,723582976,56799232,658571264,659435520,700313600,52326400,54071296,52506624
559988736,628666368,52555776,54546432,723582976,56799232,658571264,659435520,700313600,52326400,54071296,52506624
559988736,628666368,52555776,54546432,723582976,56799232,658571264,659435520,700313600,52326400,54071296,52506624
559988736,628666368,52555776,54546432,723582976,56799232,658571264,659435520,700313600,52326400,54071296,52506624
559988736,628666368,52555776,54546432,723582976,56799232,658571264,659435520,700313600,52326400,54071296,52506624
559988736,628666368,52555776,54546432,723582976,56799232,658571264,659435520,700313600,52326400,54071296,52506624
559988736,628666368,52555776,54546432,723582976,56799232,658571264,659435520,700313600,52326400,54071296,52506624
559988736,628666368,52555776,54546432,723582976,56799232,658571264,659435520,700313600,52326400,54071296,52506624
559988736,628666368,52555776,54546432,723582976,56799232,658571264,659435520,700313600,52326400,54071296,52506624
559988736,628666368,52555776,54546432,723582976,56799232,658571264,659435520,700313600,52326400,54071296,52506624
559988736,628666368,52555776,54546432,723582976,56799232,658571264,659435520,700313600,52326400,54071296,52506624
559988736,628666368,52555776,54546432,723582976,56799232,658571264,659435520,700313600,52326400,54071296,52506624
559988736,628666368,52555776,54546432,723582976,56799232,658571264,659435520,700313600,52326400,54071296,52506624
559988736,628666368,52555776,54546432,723582976,56799232,658571264,659435520,700313600,52326400,54071296,52506624
559988736,628666368,52555776,54546432,723582976,56799232,658571264,659435520,700313600,52326400,54071296,52506624
559988736,628666368,52555776,54546432,723582976,56799232,658571264,659435520,700313600,52326400,54071296,52506624
559988736,628666368,52555776,54546432,723582976,56803328,658571264,659435520,700313600,52326400,54071296,52506624
559988736,628666368,52555776,54546432,723582976,56803328,658571264,659435520,700313600,52326400,54071296,52506624
559988736,628666368,52555776,54546432,723582976,56803328,658571264,659435520,700313600,52326400,54071296,52506624
559988736,628666368,52555776,54546432,723582976,56803328,658571264,659435520,700313600,52326400,54071296,52506624
559988736,628666368,52555776,54546432,723582976,56803328,658571264,659435520,700313600,52326400,54071296,52506624
559988736,628666368,52555776,54546432,723582976,56803328,658571264,659435520,700313600,52326400,54071296,52506624
559988736,628666368,52555776,54546432,723582976,56803328,658571264,659435520,700313600,52326400,54071296,52506624
559988736,628666368,52555776,54546432,723582976,56803328,658571264,659435520,700313600,52326400,54071296,52506624
559988736,628666368,52555776,54546432,723582976,56803328,658571264,659435520,700313600,52326400,54071296,52506624
559988736,628666368,52555776,54546432,723582976,56803328,658571264,659435520,700313600,52326400,54071296,52506624
559988736,628666368,52555776,54546432,723582976,56803328,658571264,659435520,700313600,52326400,54071296,52506624
559988736,628666368,52555776,54546432,723582976,56803328,658571264,659435520,700313600,52326400,54071296,52506624
559988736,628666368,52555776,54546432,723582976,56803328,658571264,659435520,700313600,52326400,54071296,52506624
559988736,628666368,52555776,54546432,723582976,56803328,658571264,659435520,700313600,52326400,54071296,52506624
559988736,628666368,52555776,54546432,723582976,56803328,658571264,659435520,700313600,52326400,54071296,52506624
559988736,628666368,52555776,54546432,723582976,56803328,658571264,659435520,700313600,52326400,54071296,52506624
559988736,628666368,52555776,54546432,723582976,56803328,658571264,659435520,700313600,52326400,54071296,52506624
559988736,628666368,52555776,54546432,723582976,56803328,658571264,659435520,700313600,52326400,54071296,52506624
559988736,628666368,52555776,54546432,723582976,56803328,658571264,659435520,700313600,52326400,54071296,52506624
559988736,628666368,52555776,54546432,723582976,56803328,658571264,659435520,700313600,52326400,54071296,52506624
559988736,628666368,52555776,54546432,723582976,56803328,658571264,659435520,700313600,52326400,54071296,52506624
559988736,628666368,52555776,54546432,723582976,56803328,658571264,659435520,700313600,52326400,54071296,52506624
559988736,628666368,52555776,54546432,723582976,56803328,658571264,659435520,700313600,52326400,54071296,52506624
559988736,628666368,52555776,54546432,723582976,56803328,658571264,659435520,700313600,52326400,54071296,52506624
559988736,628666368,52555776,54546432,723582976,56803328,658571264,659435520,700313600,52326400,54071296,52506624
559988736,628666368,52555776,54546432,723582976,56803328,658571264,659435520,700313600,52326400,54071296,52506624
559988736,628666368,52555776,54546432,723582976,56803328,658571264,659435520,700313600,52326400,54071296,52506624
559988736,628666368,52555776,54546432,723582976,56803328,658571264,659435520,700313600,52326400,54071296,52506624
559988736,628666368,52555776,54546432,723582976,56803328,658571264,659435520,700313600,52326400,54071296,52506624
559988736,628666368,52555776,54546432,723582976,56803328,658571264,659435520,700313600,52326400,54071296,52506624
559988736,628666368,52555776,54546432,723582976,56803328,658571264,659435520,700313600,52326400,54071296,52506624
559988736,628666368,52555776,54546432,723582976,56803328,658571264,659435520,700313600,52326400,54071296,52506624
559988736,628666368,52555776,54546432,723582976,56803328,658571264,659435520,700313600,52326400,54071296,52506624
559988736,628666368,52555776,54546432,723582976,56803328,658571264,659435520,700313600,52326400,54071296,52506624
559988736,628666368,52555776,54546432,723582976,56803328,658571264,659435520,700313600,52326400,54071296,52506624
559988736,628666368,52555776,54546432,723582976,56807424,658571264,659435520,700313600,52326400,54071296,52506624
559988736,628666368,52555776,54546432,723582976,56807424,658571264,659435520,700313600,52326400,54071296,52506624
559988736,628666368,52555776,54546432,723582976,56807424,658571264,659435520,700313600,52326400,54071296,52506624
559988736,628666368,52555776,54546432,723582976,56807424,658571264,659435520,700313600,52326400,54071296,52506624
559988736,628666368,52555776,54546432,723582976,56807424,658571264,659435520,700313600,52326400,54071296,52506624
559988736,628666368,52555776,54546432,723582976,56807424,658571264,659435520,700313600,52326400,54071296,52506624
559988736,628666368,52555776,54546432,723582976,56807424,658571264,659435520,700313600,52326400,54071296,52506624
559988736,628666368,52555776,54546432,723582976,56807424,658571264,659435520,700313600,52326400,54071296,52506624
559988736,628666368,52555776,54546432,723582976,56807424,658571264,659435520,700313600,52326400,54071296,52506624
559988736,628666368,52555776,54546432,723582976,56807424,658571264,659435520,700313600,52326400,54071296,52506624
559988736,628666368,52555776,54546432,723582976,56807424,658571264,659435520,700313600,52326400,54071296,52506624
559988736,628666368,52555776,54546432,723582976,56807424,658571264,659435520,700313600,52326400,54071296,52506624
559988736,628666368,52555776,54546432,723582976,56807424,658571264,659435520,700313600,52326400,54071296,52506624
559988736,628666368,52555776,54546432,723582976,56807424,658571264,659435520,700313600,52326400,54071296,52506624
559988736,628666368,52555776,54546432,723582976,56807424,658571264,659435520,700313600,52326400,54071296,52506624
559988736,628666368,52555776,54546432,723582976,56807424,658571264,659435520,700313600,52326400,54071296,52506624
559988736,628666368,52555776,54546432,723582976,56807424,658571264,659435520,700313600,52326400,54071296,52506624
559988736,628666368,52555776,54546432,723582976,56807424,658571264,659435520,700313600,52326400,54071296,52506624
559988736,628666368,52555776,54546432,723582976,56807424,658571264,659435520,700313600,52326400,54071296,52506624
559988736,628666368,52555776,54546432,723582976,56807424,658571264,659435520,700313600,52326400,54071296,52506624
559988736,628666368,52555776,54546432,723582976,56807424,658571264,659435520,700313600,52326400,54071296,52506624
559988736,628666368,52555776,54546432,723582976,56807424,658571264,659435520,700313600,52326400,54071296,52506624
559988736,628666368,52555776,54546432,723582976,56807424,658571264,659435520,700313600,52326400,54071296,52506624
559988736,628666368,52555776,54546432,723582976,56811520,658571264,659435520,700313600,52326400,54071296,52506624
559988736,628666368,52555776,54546432,723582976,56811520,658571264,659435520,700313600,52326400,54071296,52506624
559988736,628666368,52555776,54546432,723582976,56811520,658571264,659435520,700313600,52326400,54071296,52506624
559988736,628666368,52555776,54546432,723582976,56811520,658571264,659435520,700313600,52326400,54071296,52506624
559988736,628666368,52555776,54546432,723582976,56815616,658571264,659435520,700313600,52326400,54071296,52506624
559988736,628666368,52555776,54546432,723582976,56819712,658571264,659435520,700313600,52326400,54071296,52506624
559988736,628666368,52555776,54546432,723582976,56819712,658571264,659435520,700313600,52326400,54071296,52506624
559988736,628666368,52555776,54546432,723582976,56819712,658571264,659435520,700313600,52326400,54071296,52506624
559988736,628666368,52555776,54546432,723582976,56819712,658571264,659435520,700313600,52326400,54071296,52506624
559988736,628666368,52555776,54546432,723582976,56819712,658571264,659435520,700313600,52326400,54071296,52506624
559988736,628666368,52555776,54546432,723582976,56819712,658571264,659435520,700313600,52326400,54071296,52506624
559988736,628666368,52555776,54546432,723582976,56819712,658571264,659435520,700313600,52326400,54071296,52506624
559988736,628666368,52555776,54546432,723582976,56819712,658571264,659435520,700313600,52326400,54071296,52506624
559988736,628666368,52555776,54546432,723582976,56819712,658571264,659435520,700313600,52326400,54071296,52506624
559988736,628666368,52555776,54546432,723582976,56819712,658571264,659435520,700313600,52326400,54071296,52506624
559988736,628666368,52555776,54546432,723582976,56819712,658571264,659435520,700313600,52326400,54071296,52506624
559988736,628666368,52555776,54546432,723582976,56819712,658571264,659435520,700313600,52326400,54071296,52506624
559988736,628666368,52555776,54546432,723582976,56819712,658571264,659435520,700313600,52326400,54071296,52506624
559988736,628666368,52555776,54546432,723582976,56819712,658571264,659435520,700313600,52326400,54071296,52506624
559988736,628666368,52555776,54546432,723582976,56819712,658571264,659435520,700313600,52326400,54071296,52506624
559988736,628666368,52555776,54546432,723582976,56819712,658571264,659435520,700313600,52326400,54071296,52506624
559988736,628666368,52555776,54546432,723582976,56819712,658571264,659435520,700313600,52326400,54071296,52506624
559988736,628666368,52555776,54546432,723582976,56819712,658571264,659435520,700313600,52326400,54071296,52506624
559988736,628666368,52555776,54546432,723582976,56819712,658571264,659435520,700313600,52326400,54071296,52506624
559988736,628666368,52555776,54546432,723582976,56819712,658571264,659435520,700313600,52326400,54071296,52506624
559988736,628666368,52555776,54546432,723582976,56819712,658571264,659435520,700313600,52326400,54071296,52506624
559988736,628666368,52555776,54546432,723582976,56823808,658571264,659435520,700313600,52326400,54071296,52506624
559988736,628666368,52555776,54546432,723582976,56823808,658571264,659435520,700313600,52326400,54071296,52506624
559988736,628666368,52555776,54546432,723582976,56823808,658571264,659435520,700313600,52326400,54071296,52506624
559988736,628666368,52555776,54546432,723582976,56823808,658571264,659435520,700313600,52326400,54071296,52506624
559988736,628666368,52555776,54546432,723582976,56029184,634101760,659435520,700313600,52326400,54071296,52506624
559988736,628666368,52555776,54546432,723582976,55840768,634101760,659435520,700715008,52473856,54071296,53022720
559988736,628666368,52555776,54546432,723582976,55099392,634101760,659906560,700715008,52473856,55357440,53022720
559988736,628666368,52555776,54546432,723582976,55099392,634101760,659906560,700715008,52473856,55357440,53022720
559988736,628666368,52555776,54546432,723582976,54910976,634101760,659906560,700715008,52473856,55357440,53022720
559988736,628666368,52555776,54546432,723582976,54910976,634105856,659906560,700715008,52473856,55357440,53022720
559988736,628666368,52555776,54546432,723582976,54910976,634105856,659906560,700715008,52473856,55357440,53022720
559988736,628666368,52555776,54546432,723582976,54910976,634105856,659906560,700715008,52473856,55357440,53022720
559988736,628666368,52555776,54546432,723582976,54910976,634105856,659906560,700715008,52473856,55357440,53022720
559988736,628666368,52555776,54546432,723582976,54910976,634105856,659906560,700715008,52473856,55357440,53022720
559988736,628666368,52555776,54546432,723582976,54910976,634105856,659906560,700715008,52477952,55357440,53022720
559988736,628666368,52555776,54546432,723582976,54915072,634105856,659906560,700715008,52477952,55357440,53022720
559988736,628666368,52555776,54546432,723582976,54915072,634105856,659906560,700715008,52477952,55357440,53022720
559988736,628666368,52555776,54546432,723582976,54915072,634105856,659906560,700715008,52477952,55357440,53022720
559988736,628666368,52555776,54546432,723582976,54915072,634105856,659906560,700715008,52477952,55357440,53022720
559988736,628666368,52555776,54546432,723582976,54915072,634105856,659906560,700715008,52477952,55357440,53026816
559988736,628666368,52555776,54546432,723582976,54919168,634105856,659906560,700715008,52477952,55357440,53026816
559988736,628666368,52555776,54546432,723582976,54919168,634105856,659906560,700715008,52477952,55357440,53026816
559988736,628666368,52555776,54546432,723582976,54919168,634105856,659906560,700715008,52477952,55357440,53026816
559988736,628666368,52555776,54546432,723582976,54919168,634105856,659906560,700715008,52477952,55357440,53026816
559988736,628666368,52555776,54546432,723582976,54919168,634105856,659906560,700715008,52477952,55357440,53026816
559988736,628666368,52555776,54546432,723582976,54919168,634105856,659906560,700715008,52477952,55357440,53026816
559988736,628666368,52555776,54546432,723582976,54919168,634105856,659906560,700715008,52477952,55357440,53026816
559988736,628666368,52555776,54546432,723582976,54919168,634105856,659906560,700715008,52477952,55357440,53026816
559988736,628666368,52555776,54546432,723582976,54919168,634105856,659906560,700715008,52477952,55357440,53026816
559988736,628666368,52555776,54546432,723582976,54923264,634105856,659906560,700715008,52477952,55357440,53026816
559988736,628666368,52555776,54546432,723582976,54923264,634105856,659906560,700715008,52477952,55357440,53026816
559988736,628666368,52555776,54546432,723582976,54923264,634105856,659906560,700715008,52477952,55357440,53026816
559988736,628666368,52555776,54546432,723582976,54923264,634105856,659906560,700715008,52477952,55357440,53026816
559988736,628666368,52555776,54546432,723582976,54923264,634105856,659906560,700715008,52477952,55357440,53026816
559988736,628666368,52555776,54546432,723582976,54923264,634105856,659906560,700715008,52477952,55357440,53026816
559988736,628666368,52555776,54546432,723582976,54923264,634105856,659906560,700715008,52477952,55357440,53026816
559988736,628666368,52555776,54546432,723582976,54923264,634105856,659906560,700715008,52477952,55357440,53026816
559988736,628666368,52555776,54546432,723582976,54923264,634105856,659906560,700715008,52477952,55357440,53026816
559988736,628666368,52555776,54546432,723582976,54923264,634105856,659906560,700715008,52477952,55357440,53026816
559988736,628666368,52555776,54546432,723582976,54923264,634105856,659906560,700715008,52477952,55357440,53026816
559988736,628666368,52555776,54546432,723582976,54923264,634105856,659906560,700715008,52477952,55361536,53026816
559988736,628666368,52555776,54546432,723582976,54923264,634105856,659906560,700715008,52477952,55361536,53026816
559988736,628666368,52555776,54546432,723582976,54923264,634105856,659906560,700715008,52477952,55361536,53026816
559988736,628666368,52555776,54546432,723582976,54923264,634105856,659906560,700715008,52477952,55361536,53026816
559988736,628666368,52555776,54546432,723582976,54923264,634105856,659906560,700715008,52477952,55361536,53030912
559988736,628666368,52555776,54546432,723582976,54923264,634105856,659906560,700715008,52477952,55361536,53030912
559988736,628666368,52555776,54546432,723582976,54923264,634105856,659906560,700715008,52477952,55361536,53030912
559988736,628666368,52555776,54546432,723582976,54923264,634105856,659906560,700715008,52477952,55361536,53030912
559988736,628666368,52555776,54546432,723582976,54923264,634105856,659906560,700715008,52477952,55361536,53030912
559988736,628666368,52555776,54546432,723582976,54927360,634105856,659906560,700715008,52477952,55361536,53030912
559988736,628666368,52555776,54546432,723582976,54927360,634105856,659906560,700715008,52477952,55361536,53030912
559988736,628666368,52555776,54546432,723582976,54927360,634105856,659906560,700715008,52477952,55361536,53030912
559988736,628666368,52555776,54546432,723582976,54927360,634105856,659906560,700715008,52482048,55361536,53030912
559988736,628666368,52555776,54546432,723582976,54927360,634105856,659906560,700715008,52482048,55361536,53030912
559988736,628666368,52555776,54546432,723582976,54927360,634105856,659906560,700715008,52482048,55361536,53030912
559988736,628666368,52555776,54546432,723582976,54927360,634105856,659906560,700715008,52482048,55361536,53030912
559988736,628666368,52555776,54546432,723582976,54927360,634105856,659906560,700715008,52482048,55361536,53030912
559988736,628666368,52555776,54546432,723582976,54927360,634105856,659906560,700715008,52482048,55361536,53030912
559988736,628666368,52555776,54546432,723582976,54927360,634105856,659906560,700715008,52482048,55361536,53030912
559988736,628666368,52555776,54546432,723582976,54927360,634105856,659906560,700715008,52482048,55361536,53030912
559988736,628666368,52555776,54546432,723582976,54931456,634105856,659906560,700715008,52482048,55365632,53030912
559988736,628666368,52555776,54546432,723582976,54931456,634105856,659906560,700715008,52482048,55365632,53030912
559988736,628666368,52555776,54546432,723582976,54931456,634105856,659906560,700715008,52482048,55365632,53030912
559988736,628666368,52555776,54546432,723582976,54931456,634105856,659906560,700715008,52482048,55365632,53030912
559988736,628666368,52555776,54546432,723582976,54935552,634105856,659906560,700715008,52482048,55365632,53030912
559988736,628666368,52555776,54546432,723582976,54935552,634105856,659906560,700715008,52482048,55365632,53030912
559988736,628666368,52555776,54546432,723582976,54935552,634105856,659906560,700715008,52482048,55365632,53030912
559988736,628666368,52555776,54546432,723582976,54935552,634105856,659906560,700715008,52482048,55365632,53030912
559988736,628666368,52555776,54546432,723582976,54935552,634105856,659906560,700715008,52482048,55365632,53030912
559988736,628666368,52555776,54546432,723582976,54935552,634105856,659906560,700715008,52482048,55365632,53030912
559988736,628666368,52555776,54546432,723582976,54935552,634105856,659906560,700715008,52482048,55365632,53030912
559988736,628666368,52555776,54546432,723582976,54935552,634105856,659906560,700715008,52482048,55365632,53030912
559988736,628666368,52555776,54546432,723582976,54935552,634105856,659906560,700715008,52482048,55365632,53030912
559988736,628666368,52555776,54546432,723582976,54935552,634105856,659906560,700715008,52486144,55365632,53030912
559988736,628666368,52555776,54546432,723582976,54935552,634105856,659906560,700715008,52486144,55365632,53030912
559988736,628666368,52555776,54546432,723582976,54935552,634105856,659906560,700715008,52486144,55365632,53030912
559988736,628666368,52555776,54546432,723582976,54935552,634105856,659906560,700715008,52486144,55365632,53030912
559988736,628666368,52555776,54546432,723582976,54935552,634105856,659906560,700715008,52486144,55365632,53030912
559988736,628666368,52555776,54546432,723582976,54935552,634105856,659906560,700715008,52486144,55365632,53030912
559988736,628666368,52555776,54546432,723582976,54935552,634105856,659906560,700715008,52486144,55365632,53030912
559988736,628666368,52555776,54546432,723582976,54935552,634105856,659906560,700715008,52486144,55365632,53030912
559988736,628666368,52555776,54546432,723582976,54935552,634105856,659906560,700715008,52486144,55365632,53030912
559988736,628666368,52555776,54546432,723582976,54935552,634105856,659906560,700715008,52486144,55365632,53030912
559988736,628666368,52555776,54546432,723582976,54935552,634105856,659906560,700715008,52486144,55365632,53030912
559988736,628666368,52555776,54546432,723582976,54935552,634105856,659906560,700715008,52486144,55365632,53030912
559988736,628666368,52555776,54546432,723582976,54935552,634105856,659906560,700715008,52486144,55365632,53030912
559988736,628666368,52555776,54546432,723582976,54935552,634105856,659906560,700715008,52486144,55365632,53030912
559988736,628666368,52555776,54546432,723582976,54935552,634105856,659906560,700715008,52486144,55365632,53030912
559988736,628666368,52555776,54546432,723582976,54935552,634105856,659906560,700715008,52486144,55365632,53030912
559988736,628666368,52555776,54546432,723582976,54935552,634105856,659906560,700715008,52486144,55365632,53030912
559988736,628666368,52555776,54546432,723582976,54935552,634105856,659906560,700715008,52486144,55365632,53030912
559988736,628666368,52555776,54546432,723582976,54935552,634105856,659906560,700715008,52486144,55365632,53030912
559988736,628666368,52555776,54546432,723582976,54935552,634105856,659906560,700715008,52486144,55365632,53030912
559988736,628666368,52555776,54546432,723582976,54935552,634105856,659906560,700715008,52486144,55365632,53030912
559988736,628666368,52555776,54546432,723582976,54935552,634105856,659906560,700715008,52486144,55365632,53030912
559988736,628666368,52555776,54546432,723582976,54935552,634105856,659906560,700715008,52486144,55365632,53030912
559988736,628666368,52555776,54546432,723582976,54935552,634105856,659906560,700715008,52486144,55365632,53030912
559988736,628666368,52555776,54546432,723582976,54935552,634105856,659906560,700715008,52486144,55365632,53030912
559988736,628666368,52555776,54546432,723582976,54935552,634105856,659906560,700715008,52486144,55365632,53030912
559988736,631422976,53174272,55599104,723582976,55222272,634105856,659906560,700715008,52486144,55365632,53030912
556056576,631422976,53174272,55599104,723582976,55046144,634105856,659906560,700715008,52486144,55365632,53030912
556056576,631422976,53174272,55599104,723582976,55046144,634105856,659906560,700715008,52486144,55365632,53030912
556056576,631422976,53174272,55599104,723582976,55046144,634105856,659906560,700715008,52486144,55365632,53030912
556056576,631422976,53174272,55599104,723582976,55046144,634105856,659906560,700715008,52486144,55365632,53030912
556056576,631422976,53174272,55599104,723582976,55046144,634105856,659906560,700715008,52486144,55365632,53030912
556056576,631422976,53174272,55599104,723582976,55046144,634105856,659906560,700715008,52486144,55365632,53030912
556056576,631422976,53174272,55599104,723582976,55046144,634105856,659906560,701620224,52486144,55365632,54087680
556056576,631422976,53174272,55599104,723582976,55840768,634105856,659906560,701620224,52486144,55365632,54087680
556056576,631422976,53174272,55599104,723582976,55840768,634105856,659906560,701620224,52486144,55365632,54087680
556056576,631422976,53174272,55599104,723582976,56606720,634105856,659906560,701620224,52486144,55365632,54087680
556056576,631422976,53174272,55599104,723582976,56606720,634105856,659906560,701620224,52486144,55365632,54087680
556056576,631422976,53174272,55599104,723582976,56606720,634105856,659906560,701620224,52486144,55365632,54087680
556056576,631422976,53174272,56360960,723582976,57253888,634105856,659906560,701620224,52486144,55365632,54087680
556056576,634294272,53174272,57790464,723582976,57253888,634105856,659906560,701620224,52486144,55369728,54087680
556056576,634294272,53174272,57790464,723582976,57253888,634105856,659906560,701620224,52486144,55369728,54087680
556056576,634294272,53174272,57790464,723582976,57995264,634105856,659910656,701620224,52469760,55369728,54087680
556056576,634294272,53174272,57790464,723582976,57995264,634105856,663293952,701620224,52486144,52928512,54087680
556056576,634294272,53174272,57790464,723582976,57204736,634105856,663293952,701620224,52486144,52928512,54087680
556056576,634294272,53174272,57790464,723582976,57204736,634105856,663293952,701620224,52486144,52928512,54087680
556056576,634294272,53174272,57790464,723582976,58744832,634105856,663293952,701620224,52486144,52928512,54087680
556056576,634294272,53174272,57790464,723582976,58744832,634105856,663293952,701620224,54726656,52928512,54087680
556056576,634294272,53174272,57790464,723582976,57954304,636461056,663293952,701620224,54726656,52928512,54087680
556056576,634294272,53174272,57790464,723582976,58507264,636461056,663293952,701620224,52228096,52928512,54087680
556056576,634294272,53174272,57790464,723582976,58507264,636461056,663293952,701620224,52228096,52928512,54087680
554565632,634294272,53174272,57790464,723582976,58507264,636461056,663293952,701620224,52232192,52928512,54878208
554565632,634294272,54677504,57790464,723582976,59232256,636329984,663293952,701915136,52232192,52723712,54878208
554565632,634294272,54677504,59318272,723582976,59232256,636329984,663293952,701915136,52535296,52723712,52469760
554565632,634294272,54677504,59318272,723582976,58494976,636329984,663293952,701915136,52535296,52584448,52469760
554565632,634294272,54677504,56066048,723582976,58499072,636329984,663293952,701915136,52535296,52584448,52469760
554565632,634294272,54677504,56066048,723582976,58499072,636329984,663293952,701915136,52535296,52584448,52469760
554565632,634294272,54677504,56066048,723582976,58499072,636329984,663285760,701915136,52535296,52584448,52469760
554565632,634294272,54677504,56066048,723582976,58499072,636329984,663285760,702033920,52609024,52670464,52469760
554565632,634294272,54677504,56066048,623931392,58736640,636329984,663285760,702033920,52609024,52670464,52469760
554565632,634294272,54677504,56066048,623931392,58777600,636329984,663298048,702046208,52609024,75300864,52531200
554565632,634286080,54833152,56184832,623931392,58777600,649994240,682504192,679632896,52568064,75300864,52531200
563200000,634286080,54833152,56184832,623931392,66322432,664440832,682504192,679632896,64311296,52973568,53047296
570142720,648585216,54788096,61345792,623935488,66322432,664440832,682504192,679632896,53075968,52973568,53043200
573890560,638664704,55074816,61345792,630759424,80252928,664440832,682504192,679632896,53075968,52973568,53043200
573890560,638664704,55074816,53960704,630759424,63262720,664440832,682504192,679632896,53075968,52973568,53043200
573890560,638664704,55074816,53964800,674840576,63262720,664440832,682504192,679632896,53075968,52973568,53043200
573890560,638664704,55078912,53964800,674840576,63262720,664440832,683245568,679632896,53075968,52973568,53043200
573890560,638664704,55078912,53964800,702140416,55906304,664440832,683245568,679632896,53075968,52604928,53342208
573890560,638664704,55078912,53964800,739549184,55906304,664440832,733818880,679632896,53075968,52604928,53342208
573890560,638664704,55078912,60035072,739549184,71880704,664440832,733876224,754905088,52494336,52604928,53342208
573890560,638664704,62291968,53731328,739553280,59281408,752484352,733876224,754905088,52494336,52604928,53342208
641105920,680669184,56000512,53731328,739553280,59281408,752553984,733954048,754958336,52494336,52604928,53342208
641105920,680706048,56000512,53731328,739553280,59281408,752553984,736055296,755015680,52494336,52604928,53342208
649940992,680730624,56000512,53731328,739553280,59281408,752558080,736055296,755015680,52494336,52604928,53342208
691122176,680730624,56000512,53731328,739553280,59281408,752574464,736063488,755040256,52494336,52604928,53342208
691134464,680730624,56000512,53731328,739553280,59281408,752574464,736063488,755044352,52494336,52604928,53342208
691163136,633184256,56000512,53731328,739553280,59281408,752574464,779493376,755044352,52494336,52604928,53342208
735936512,633184256,56000512,53084160,739553280,59281408,752574464,779493376,755044352,61997056,52588544,53342208
728719360,633184256,56000512,53084160,739569664,61267968,689119232,664956928,691359744,52396032,52588544,53121024
728719360,633184256,56000512,53084160,739569664,67612672,689119232,664956928,691359744,52396032,52588544,53121024
728756224,633184256,56000512,53084160,739635200,67612672,689119232,664956928,691359744,52396032,52588544,53121024
728756224,633184256,56000512,53084160,739635200,67612672,689119232,664956928,691359744,52396032,52588544,53121024
570220544,633184256,56000512,53084160,746053632,58142720,689119232,664956928,691359744,52396032,52588544,53121024
570220544,633184256,53723136,53084160,746053632,58146816,689119232,664956928,691359744,52396032,54857728,53121024
570220544,633184256,53723136,53084160,746053632,58146816,689139712,676184064,691359744,52396032,54857728,53121024
570220544,633184256,53723136,53084160,753188864,58146816,689139712,676184064,691359744,66019328,52436992,53858304
600522752,633184256,54685696,53084160,753188864,120487936,743297024,676184064,748130304,53399552,51290112,53858304
600522752,654168064,54685696,54235136,753188864,57307136,700334080,638447616,704880640,53399552,51290112,52572160
560156672,654163968,54685696,54235136,753188864,57307136,700334080,638447616,704880640,52322304,51294208,52572160
560156672,615243776,54087680,55533568,753188864,57315328,700334080,638447616,704880640,52322304,51294208,52576256
560156672,615243776,54087680,55533568,753188864,57335808,700334080,638447616,704880640,52322304,51367936,52576256
560156672,615243776,54087680,55533568,753188864,57561088,700334080,638447616,704880640,52322304,51367936,52576256
560156672,615243776,54239232,55533568,753315840,57561088,700334080,657317888,704880640,52461568,52101120,52723712
562003968,618393600,54239232,55615488,753315840,57659392,721997824,657317888,726798336,52461568,52101120,52531200
579870720,633708544,55222272,52494336,753315840,57659392,721997824,657317888,726798336,52125696,52101120,52514816
579870720,633708544,55222272,52494336,753315840,57663488,721997824,657317888,726798336,52125696,52101120,52514816
579870720,633708544,55222272,52494336,753315840,57663488,721997824,657317888,726798336,52125696,52101120,52514816
579870720,633708544,55222272,52494336,753315840,57663488,721997824,657317888,726798336,52125696,52101120,52514816
579870720,633708544,55222272,52494336,714612736,56766464,721997824,657317888,726798336,52125696,52101120,52514816
579870720,633708544,55222272,52494336,714612736,56766464,721997824,657317888,726798336,52125696,52101120,52514816
